50884310
50927796
50927364
50844626
50913398
50922511
50917260
50918729
50927095
50918051
50911422
50922604
50927925
50911798
50923516
50921083
50884023
50913205
50926795
50910214
50892866
50924376
50844173
50922193
50925677
50911190
50921912
50916545
50926307
50917510
50926948
50926645
50921472
50883595
50920578
50913084
50926397
50909484
50892250
50843854
50913888
50921817
50924876
50921291
50910834
50925979
50916992
50917134
50916166
50924983
50897457
50920069
50912959
50882854
50925527
50908716
50891677
50913656
50920297
50843544
50924225
50916345
50925220
50910506
50915946
50915917
50924316
50894257
50910381
50882664
50912754
50906599
50891052
50913426
50919691
50919521
50843146
50924601
50923649
50915567
50915645
50892317
50917358
50905115
50924481
50912595
50882537
50924173
50905841
50913295
50885794
50919166
50918996
50842308
50915259
50923911
50923163
50914871
50909582
50891588
50915317
50904049
50912420
50904725
50882402
50881146
50885335
50841521
50918285
50914999
50918626
50915055
50912483
50908968
50922727
50890946
50923264
50901136
50923368
50922949
50884906
50912197
50880894
50902452
50882228
50914704
50917732
50840880
50912161
50890613
50922879
50899933
50864409
50911959
50900714
50852967
50882144
50914450
50840232
50917429
50883304
50911848
50914495
50888704
50908156
50921693
50922052
50863184
50911730
50899439
50847492
50882008
50914299
50850458
50839364
50911519
50883109
50888058
50907300
50851815
50910894
50896216
50920535
50852636
50911464
50898147
50847154
50881925
50850002
50893347
50838355
50911083
50887218
50914007
50850923
50895713
50919807
50852119
50897270
50881823
50846746
50849394
50892991
50837354
50910671
50882618
50910482
50886440
50905890
50850310
50895259
50909987
50811749
50881727
50817852
50849049
50896028
50892388
50836657
50846223
50886071
50913728
50909764
50905389
50849885
50894399
50909198
50811479
50844259
50816778
50848551
50891784
50835253
50845966
50885598
50889910
50904307
50817247
50893718
50908475
50795019
50891248
50843304
50877142
50808787
50848186
50833976
50914163
50885118
50908850
50889094
50908562
50902727
50816385
50907995
50793582
50909351
50842834
50876442
50847723
50808540
50832416
50882486
50884758
50907701
50901726
50815580
50907452
50792289
50875974
50847342
50808419
50873793
50913803
50831018
50859102
50906711
50900471
50814817
50791730
50889397
50874039
50847008
50872620
50808240
50828817
50908229
50910300
50882276
50858133
50879833
50883651
50814254
50875122
50785387
50888607
50907135
50840547
50846509
50873591
50856849
50780339
50828199
50857204
50879406
50813404
50784995
50873437
50897712
50906362
50839830
50872748
50925077
50779707
50856354
50826919
50898814
50878897
50856610
50812686
50764841
50872127
50896523
50903805
50887179
50838936
50814933
50913319
50777351
50855990
50808312
50907824
50884697
50855563
50878248
50812343
50763684
50870866
50904728
50886731
50837777
50912892
50814065
50776958
50854956
50808122
50854702
50884398
50877781
50810252
50869850
50901081
50886578
50903582
50836799
50909926
50853808
50743565
50912316
50807931
50905557
50854065
50884155
50876948
50809869
50881897
50867874
50899548
50902197
50869022
50835703
50812434
50853270
50743323
50807765
50876081
50809510
50881773
50916873
50866503
50898508
50868139
50818381
50898886
50811859
50852303
50743162
50914809
50911923
50807543
50923586
50903040
50881506
50809078
50916410
50897273
50881647
50866812
50811338
50851438
50713871
50807345
50911570
50873948
50883454
50881022
50916256
50827119
50828568
50865799
50881474
50810962
50713421
50806269
50922788
50900859
50872898
50880102
50915821
50804313
50827343
50881381
50862816
50713168
50805892
50871476
50860861
50920409
50850222
50915520
50803640
50863365
50784576
50881305
50861986
50784110
50805473
50878518
50862486
50870174
50859894
50904841
50849547
50802961
50808031
50783728
50862640
50881182
50786908
50887812
50805049
50877877
50861413
50868866
50893072
50915089
50802256
50783047
50786292
50892593
50859523
50912701
50914556
50888808
50923718
50884978
50842048
50917815
50875499
50912562
50924851
50766784
50857723
50846822
50898434
50917053
50874431
50834626
50924740
50766030
50897501
50887601
50924119
50873206
50912035
50886897
50841587
50917943
50760550
50922443
50847082
50906820
50844974
50894089
50820466
50922210
50910075
50806407
50821252
50823506
50920734
50894894
50841245
50893278
50914612
50921613
50882922
50806039
50914351
50822099
50920906
50757780
50818749
50861199
50838240
50821693
50918348
50807087
50902700
50890499
50890008
50755238
50806843
50768962
50855125
50905449
50889793
50919421
50783802
50858978
50783961
50918135
50898349
50882053
50806599
50767924
50925265
50879209
50904549
50800455
50871658
50806217
50853599
50750262
50851594
50782753
50782788
50877989
50888533
50916682
50917207
50829596
50749636
50805425
50850811
50911279
50876869
50837144
50781239
50864608
50893570
50780172
50876287
50915725
50804885
50836426
50763216
50910608
50886207
50916014
50801732
50914204
50837598
50868682
50890744
50915416
50894473
50903349
50849198
50912649
50923885
50848252
50896836
50885254
50847853
50826208
50923302
50868442
50825167
50923019
50926160
50919921
50823240
50905694
50917586
50916630
50922397
50880205
50921128
50858046
50896113
50891213
50920237
50907376
50888952
50887095
50914590
50863716
50918871
50928121
50886671
50895220
50924626
50865473
50881464
50874244
50881336
50844378
50873388
50875320
50869302
50920137
50871238
50919769
50776335
50883183
50748748
50899017
50748173
50903604
50882422
50758785
50874358
50854738
50902375
50927922
50870712
50859508
50914032
50747427
50926205
50858693
50834051
50900003
50923839
50898012
50927576
50850659
50893808
50745494
50880236
50889552
50827276
50848615
50915784
50797480
50794441
50911709
50837702
50822588
50818079
50707560
50888891
50836311
50901403
50822255
50911122
50817307
50911345
50781629
50811288
50918076
50833659
50910968
50886370
50810828
50898627
50880297
50885844
50909310
50793756
50893778
50920824
50779832
50879105
50918586
50921592
50919090
50906286
50925593
50922338
50917866
50883169
50926871
50867284
50927258
50852978
50921850
50899671
50924016
50851894
50854117
50904151
50907096
50885034
50914425
50905050
50830238
50893141
50884550
50897046
50920001
50920650
50827558
50892168
50926502
50893439
50925822
50892049
50921361
50911224
50834182
50882082
50821458
50882593
50911902
50832988
50889182
50911659
50924426
50895885
50778708
50866757
50923226
50819601
50892664
50815037
50894550
50864058
50891626
50817600
50893939
50914319
50843763
50866316
50842467
50894373
50748251
50881040
50920903
50916664
50865279
50746624
50892459
50908417
50913680
50913136
50925031
50922274
50896218
50925752
50884243
50915292
50882346
50889257
50914973
50891748
50920940
50891433
50915166
50875671
50913479
50741885
50896922
50917660
50741641
50821637
50925907
50709016
50915766
50903927
50912084
50910878
50708644
50922582
50913606
50901381
50903315
50904028
50708454
50916392
50892100
50899771
50708277
50916109
50859624
50927181
50919685
50906529
50915542
50708846
50912542
50896391
50861521
50894511
50897474
50895363
50741311
50894315
50740704
50886131
50893706
50854317
50872392
50847992
50850534
50853273
50712751
50871016
50900326
50711235
50869852
50909048
50864997
50928015
50855308
50819743
50926728
50869025
50880683
50854579
50924135
50906008
50858218
50861916
50920371
50906989
50916801
50817406
50918436
50917403
50920757
50833136
50816984
50920708
50925467
50916462
50816348
50910283
50922682
50922050
50916878
50919497
50919426
50914907
50912846
50904361
50924557
50914746
50915628
50869765
50885086
50905337
50916901
50833820
50868770
50919893
50910643
50815144
50894996
50915260
50755251
50844682
50800514
50806841
50919242
50754465
50806613
50798576
50900160
50836601
50910938
50753009
50787001
50919284
50913015
50805667
50843343
50842926
50877713
50844494
50917283
50890364
50890411
50861850
50873530
50910564
50860057
50919074
50873011
50870360
50866586
50921309
50921158
50846312
50910216
50898375
50884492
50921655
50862827
50856801
50920481
50891349
50845517
50869789
50852953
50874611
50865385
50853095
50904011
50903178
50890123
50892751
50827999
50925079
50883100
50901571
50889721
50823421
50900004
50822690
50923527
50867004
50867787
50865785
50923998
50919334
50906137
50921474
50882135
50913877
50891025
50840180
50895218
50889988
50913595
50707482
50875463
50706574
50911396
50904800
50749752
50849482
50879046
50894218
50879936
50896147
50926801
50848764
50878595
50910831
50893552
50877244
50912946
50842585
50916749
50925683
50842795
50748404
50908477
50909807
50875148
50892859
50875742
50841931
50891932
50859189
50834497
50819992
50874821
50841293
50880746
50912879
50853355
50890791
50906446
50841993
50923169
50924195
50827745
50895269
50860459
50838512
50904326
50772634
50880348
50837646
50891572
50855694
50920057
50886765
50769998
50895493
50895813
50906230
50823558
50839682
50817968
50895147
50817365
50918049
50926166
50913997
50865269
50816471
50822341
50864361
50824132
50909269
50892005
50749515
50845638
50739516
50908162
50845482
50914153
50845304
50902554
50840759
50901514
50820050
50912069
50863443
50835082
50908780
50807461
50917929
50922377
50927541
50917575
50926938
50913242
50927928
50925904
50924091
50921935
50928022
50884101
50923316
50927028
50917636
50922998
50921754
50917496
50926775
50916785
50915431
50924831
50913178
50925151
50923727
50921452
50927443
50883911
50926508
50922717
50925803
50917070
50924178
50926218
50913031
50924665
50918097
50921080
50926406
50883764
50922199
50921616
50915950
50923588
50925452
50917792
50917666
50919746
50883585
50905059
50919569
50885454
50916344
50914696
50911011
50924614
50912694
50919385
50910306
50883427
50912739
50904100
50920509
50915508
50885319
50922815
50863041
50918114
50902873
50892574
50912475
50917748
50928471
50901779
50884784
50913635
50891741
50882723
50912351
50922497
50873635
50884386
50843775
50926827
50891159
50914530
50913290
50871432
50890211
50884131
50843567
50808628
50911077
50869557
50914070
50889506
50883719
50889769
50886655
50924718
50868081
50888972
50913533
50842976
50906734
50883418
50905502
50909735
50883027
50913366
50884252
50840723
50907197
50807059
50790596
50884956
50893108
50897893
50905174
50803265
50919263
50883271
50903692
50892485
50806349
50902338
50859569
50806077
50848681
50858616
50892716
50900729
50889668
50775719
50781268
50881059
50848204
50858200
50882556
50900201
50775389
50910430
50857383
50847384
50882043
50909922
50898831
50927222
50914982
50887604
50918685
50908236
50808391
50916025
50887301
50908898
50922935
50912303
50888079
50915736
50754262
50878833
50887074
50872758
50908034
50922140
50904616
50922421
50840071
50779784
50887152
50857109
50906123
50890115
50876533
50710118
50904885
50778354
50908014
50912495
50709963
50885407
50874394
50831613
50881094
50872107
50876990
50927606
50902717
50849292
50827075
50898946
50918853
50792929
50818766
50820489
50918267
50822506
50875586
50791613
50816060
50820069
50906178
50808188
50925544
50896714
50917999
50822039
50874487
50882356
50791126
50914819
50815168
50912800
50927847
50819356
50926075
50925227
50820072
50821405
50873213
50882271
50776840
50920871
50923736
50818687
50807899
50907067
50917185
50819338
50820822
50872061
50882150
50914258
50776654
50923279
50923967
50902987
50817796
50807729
50906330
50709892
50818887
50820474
50870867
50905794
50914055
50776494
50912411
50922901
50817033
50900869
50807171
50709772
50928263
50820010
50904714
50913859
50746812
50896790
50922606
50899682
50816109
50806963
50709612
50817170
50906944
50903736
50913664
50923861
50746503
50896434
50922083
50919147
50815328
50777183
50903401
50913558
50711030
50895316
50921809
50918734
50808796
50776988
50870435
50882912
50913449
50710725
50894561
50921268
50918181
50808607
50776691
50915062
50903952
50893890
50920857
50803932
50926431
50928723
50882545
50920423
50909668
50803402
50925422
50922903
50859256
50927649
50916989
50909142
50802597
50925034
50881875
50916059
50890861
50927803
50922154
50908528
50788756
50753494
50881713
50890214
50921798
50925968
50924790
50915576
50908036
50787934
50752875
50868136
50881551
50924371
50889626
50921545
50915241
50907270
50787433
50752204
50901987
50867578
50892254
50906637
50887985
50901756
50920205
50860130
50914700
50835428
50920704
50742031
50887417
50900367
50898456
50771100
50914460
50909619
50741829
50863087
50920462
50899536
50918783
50770548
50886892
50802668
50897429
50844044
50741590
50909172
50862102
50833469
50919810
50897310
50924252
50918314
50802056
50886392
50769719
50908533
50741317
50897040
50776577
50832382
50919276
50824953
50885846
50801120
50769027
50908150
50741027
50896507
50846997
50829035
50921241
50918938
50824224
50885460
50768081
50771535
50775896
50907801
50895534
50846664
50828416
50918413
50898776
50822871
50885123
50767711
50771179
50707245
50775596
50894719
50906861
50846412
50898075
50902669
50821989
50921883
50870218
50885007
50766841
50775416
50770719
50894205
50920240
50824107
50826780
50897132
50917700
50869259
50884754
50765662
50775280
50770084
50893586
50904640
50823332
50826248
50892448
50896231
50919005
50867944
50802811
50773940
50764770
50922077
50893274
50769550
50918899
50814875
50892078
50895490
50883639
50833989
50802143
50773847
50764230
50893039
50707097
50902807
50918426
50812436
50848114
50894953
50905088
50819646
50832540
50801241
50773792
50762843
50892672
50706515
50811918
50821422
50847612
50893869
50894447
50876400
50782155
50828698
50800173
50773641
50761875
50705947
50902194
50899908
50811111
50819320
50893510
50847187
50894043
50781516
50827849
50799203
50773520
50888991
50761210
50815725
50846872
50850550
50893792
50914102
50916604
50779618
50826806
50798170
50773290
50759947
50888678
50897247
50776199
50814799
50819240
50849666
50779282
50773176
50759218
50888260
50878124
50892611
50768631
50808960
50892697
50849431
50818425
50900456
50825257
50773060
50757968
50908935
50887695
50877680
50892065
50808517
50767611
50864485
50817745
50778322
50824194
50772826
50912618
50893360
50757354
50887445
50876862
50891450
50808375
50847787
50732159
50863857
50899586
50778141
50772538
50892825
50756695
50890829
50808172
50847421
50723010
50862930
50772343
50755917
50890560
50807983
50715813
50847118
50862009
50899444
50776785
50771909
50755143
50912152
50890030
50708899
50713742
50860880
50895464
50897022
50911304
50894724
50771369
50891130
50889795
50754511
50708793
50713184
50823525
50860045
50896503
50907390
50753377
50852693
50894053
50755852
50889395
50890417
50754207
50783635
50881601
50708694
50822799
50859578
50895739
50910502
50732503
50906454
50852340
50893774
50888866
50753621
50716924
50822399
50858970
50894829
50910058
50885999
50852048
50892988
50887531
50876913
50716570
50881273
50892432
50925741
50858584
50894481
50851639
50867091
50876156
50715950
50891788
50865068
50890934
50885163
50922251
50850970
50892008
50715444
50866010
50880762
50905851
50709566
50863873
50868427
50890617
50884877
50925317
50850560
50926373
50864720
50880441
50709369
50889596
50926863
50920831
50849674
50925828
50898934
50863599
50890339
50880196
50709220
50848895
50866433
50920308
50924794
50897879
50861466
50879768
50848376
50863757
50888609
50919946
50899064
50924285
50848862
50861178
50897071
50879274
50889341
50870291
50858372
50832993
50864299
50887997
50882842
50924057
50922739
50848380
50860635
50878777
50888660
50708505
50831667
50869058
50857654
50863302
50916593
50922282
50859742
50895384
50878246
50830613
50708245
50846215
50923433
50839779
50862372
50916108
50923052
50921717
50868538
50915618
50847554
50858794
50871329
50708093
50829294
50844545
50838678
50862032
50915756
50921237
50899328
50915414
50867728
50894354
50847150
50828012
50707822
50844333
50882636
50837977
50852605
50913289
50916221
50920894
50897717
50893937
50866689
50856686
50909727
50846808
50827288
50874042
50841441
50839896
50821957
50882476
50820537
50830153
50900480
50920266
50896597
50865639
50893638
50909427
50829202
50817730
50826328
50872531
50707172
50840949
50839052
50820795
50921179
50882303
50818856
50829338
50899827
50911636
50895649
50864653
50893160
50908804
50816903
50821349
50706701
50840613
50838596
50920638
50807255
50861788
50827886
50911321
50895715
50895137
50908186
50706264
50839874
50837652
50920096
50807052
50856559
50827445
50893125
50910999
50894318
50889159
50818792
50815651
50907410
50820236
50705964
50839124
50836473
50845169
50806831
50855532
50892749
50826866
50910682
50875197
50888801
50802300
50906429
50705309
50819683
50866080
50838062
50835297
50815670
50807671
50918931
50806668
50854270
50892292
50826297
50910140
50888401
50913761
50801961
50905822
50704656
50864502
50834287
50837206
50815448
50918512
50708702
50805957
50825445
50891701
50909611
50887814
50873762
50801045
50904690
50818322
50863187
50833037
50836288
50815065
50805620
50888074
50908979
50872583
50799886
50795790
50832371
50814413
50805126
50900944
50908164
50812271
50887062
50871601
50799048
50845393
50896890
50831524
50794400
50834150
50813722
50869237
50804588
50886633
50798642
50870293
50845289
50793759
50830426
50832831
50813088
50866974
50906466
50886153
50776341
50797327
50831825
50869095
50792650
50828850
50706623
50865340
50905348
50881881
50916496
50776117
50830869
50796527
50867805
50845013
50827757
50706351
50862663
50904164
50881742
50829907
50745942
50795465
50865285
50844877
50817252
50893919
50706151
50862159
50903223
50881550
50828601
50745663
50864396
50793986
50816711
50902594
50705745
50861437
50827404
50881328
50745320
50863465
50772521
50892248
50816373
50902076
50705178
50881070
50745018
50772266
50900833
50815588
50816444
50880984
50744768
50862289
50891103
50814685
50812375
50744646
50861525
50898470
50890696
50811906
50880457
50744357
50860655
50811681
50880107
50744139
50855681
50879961
50811235
50854780
50889430
50879529
50779243
50853867
50905418
50853398
50852945
50852120
50832860
50883483
50843869
50928385
50924764
50925652
50912210
50919641
50922576
50928315
50922634
50882496
50883255
50919060
50894618
50924429
50927230
50925406
50911905
50927277
50926696
50920603
50882405
50910735
50883033
50918588
50843439
50924069
50862394
50926791
50924616
50911763
50856221
50926077
50893235
50859281
50919979
50882301
50843127
50882742
50922961
50861704
50880206
50924165
50855590
50926198
50925357
50892772
50858443
50919557
50882182
50842761
50918226
50882669
50838988
50781289
50879846
50911465
50924730
50918978
50908669
50842618
50919490
50820994
50780812
50911276
50891889
50881891
50823203
50918718
50842063
50917130
50889066
50897757
50800085
50878369
50882195
50860962
50916715
50918503
50779325
50819467
50887729
50923805
50821767
50917819
50841219
50907508
50819232
50838747
50915206
50918022
50773288
50906656
50819598
50772660
50755638
50894943
50884741
50885037
50838208
50900904
50860492
50702160
50777302
50775870
50738222
50772416
50845660
50884477
50893364
50888778
50898741
50915711
50823178
50736068
50775564
50766205
50752579
50913517
50883781
50758795
50884199
50884102
50833149
50845214
50735064
50751558
50764792
50913389
50770753
50758374
50882103
50821885
50733321
50774938
50763520
50883725
50830545
50907351
50844870
50770241
50890599
50883350
50881958
50858757
50751795
50774725
50883576
50747468
50868405
50828974
50906503
50844690
50769559
50928387
50881789
50751064
50774596
50747056
50827957
50838064
50768756
50866898
50875623
50827348
50917735
50825629
50878260
50864126
50925161
50764066
50714340
50921971
50916968
50924721
50861749
50907585
50809421
50824835
50923680
50859416
50809149
50860375
50913433
50860885
50807571
50913108
50923610
50920966
50913265
50912168
50903743
50916896
50797760
50923482
50806759
50923474
50921161
50921200
50774160
50897312
50919708
50920079
50771316
50912964
50770128
50887654
50890401
50919663
50879452
50910363
50750323
50887117
50921075
50879141
50920391
50909515
50739255
50878509
50892208
50823406
50776949
50789619
50922461
50880145
50896908
50738566
50909120
50878234
50822246
50776320
50788933
50882611
50741133
50897210
50895881
50737820
50917535
50877704
50893666
50776040
50788104
50882477
50809051
50916321
50877010
50895356
50828673
50892942
50787794
50876203
50881638
50775379
50893747
50927757
50827629
50726226
50787058
50713381
50891418
50893076
50916275
50881255
50775132
50874644
50887633
50826419
50725213
50924427
50785276
50884964
50891912
50891319
50864180
50877209
50875897
50830948
50825109
50908636
50835358
50830372
50927346
50926943
50824258
50907861
50834185
50879165
50846124
50926655
50829133
50924840
50896364
50778270
50833363
50907137
50919415
50925619
50927944
50845893
50804729
50836934
50889334
50878104
50927097
50924633
50836023
50806005
50876341
50827482
50801591
50811168
50894288
50795060
50831835
50898137
50838837
50791405
50788384
50908332
50903510
50869271
50915012
50889119
50760839
50902377
50850023
50871881
50879960
50785397
50868025
50878102
50849199
50905797
50897792
50703992
50901617
50914747
50751663
50890704
50913247
50870580
50879340
50848738
50866625
50896827
50876727
50820780
50701728
50751423
50890163
50878878
50901247
50779535
50914338
50774915
50865594
50895840
50818139
50696190
50897491
50912991
50750846
50889914
50850068
50875450
50900025
50773033
50771904
50847685
50817645
50896096
50912923
50881519
50919347
50859903
50889303
50866750
50750206
50848942
50874434
50895962
50913904
50772903
50771519
50817028
50894488
50895090
50912751
50918829
50888786
50848437
50873727
50894415
50913718
50771022
50856998
50885197
50918358
50893630
50770648
50856406
50912375
50879220
50855153
50900989
50852670
50912785
50828178
50849888
50852237
50887103
50912617
50910248
50866500
50840017
50824884
50851347
50912424
50886293
50908895
50839409
50824309
50850518
50823906
50851432
50849092
50907241
50837786
50823149
50854209
50848559
50906612
50822335
50853636
50848077
50820373
50836525
50853283
50847572
50819907
50835668
50847198
50834697
50833647
50846529
50821544
50828536
50706717
50706282
50705752
50921921
50922314
50927352
50907464
50883225
50919847
50913632
50903344
50927543
50920866
50923218
50918826
50927728
50927741
50894208
50841321
50921840
50926854
50907045
50919463
50883127
50913531
50920575
50926830
50902056
50927261
50918199
50847140
50926725
50926664
50882217
50714891
50866087
50920818
50840644
50906044
50919142
50882947
50912647
50926279
50919829
50900920
50922184
50926962
50846762
50912894
50925156
50926240
50882064
50920368
50711305
50863128
50920769
50839473
50925909
50905296
50918698
50882617
50912376
50925819
50919211
50921636
50846453
50912793
50926091
50900388
50924906
50925891
50881914
50919916
50710999
50838918
50862087
50925388
50920149
50904431
50918256
50911411
50925098
50918404
50906163
50912620
50846191
50925324
50899175
50925637
50924247
50881751
50854829
50838537
50919523
50903800
50917912
50911198
50882379
50924441
50917481
50912427
50905034
50845941
50924675
50898611
50892319
50924815
50881572
50837515
50924018
50910578
50882241
50917102
50904537
50912314
50903889
50897351
50837357
50924216
50905494
50924310
50902171
50881385
50836276
50908564
50886469
50867989
50912190
50891945
50877807
50836114
50904103
50898951
50913168
50886051
50898509
50832643
50885712
50901590
50879886
50829754
50896288
50896269
50885491
50844343
50900439
50881761
50801294
50895247
50820808
50774444
50910074
50885200
50897257
50882798
50867674
50887935
50820543
50843482
50884494
50774103
50893616
50884300
50894998
50918736
50910697
50924397
50892639
50880685
50852942
50791662
50786759
50842663
50886815
50917167
50841859
50916336
50923776
50786403
50882285
50905635
50915933
50851027
50873500
50881424
50887438
50886408
50846343
50883113
50785156
50908319
50922016
50846084
50915200
50848604
50721522
50882847
50876207
50885313
50904070
50845479
50874491
50917174
50916483
50888858
50856676
50906961
50887559
50887274
50886682
50885955
50919234
50928793
50922104
50867840
50883730
50928236
50921924
50927736
50928335
50927384
50910893
50910484
50919195
50927615
50923429
50912493
50867437
50921370
50927038
50883449
50927329
50882964
50921391
50927380
50903632
50927284
50910628
50910006
50918916
50925439
50926683
50698759
50921790
50921180
50872857
50926699
50926127
50882902
50897314
50920959
50900147
50926615
50925960
50910244
50909483
50918721
50908882
50926234
50926413
50912254
50697628
50865347
50912157
50920255
50871773
50925721
50925244
50882733
50896647
50920740
50899602
50925864
50909881
50918355
50908790
50925395
50902621
50871122
50896099
50871894
50920327
50695543
50863537
50908058
50923641
50923988
50911638
50901367
50917750
50870701
50907638
50919232
50923112
50922731
50907172
50869677
50904785
50917427
50841965
50906931
50911160
50882570
50862209
50918839
50922695
50832060
50888106
50922439
50883564
50821574
50882198
50868483
50921513
50921526
50883209
50915980
50809873
50859809
50917989
50919214
50739927
50881557
50916868
50924564
50837845
50916012
50786849
50878112
50870980
50917614
50893827
50738143
50902959
50916120
50836705
50913784
50819451
50924842
50749549
50879805
50867791
50921153
50915112
50913954
50737486
50892358
50915838
50876629
50892548
50892958
50748842
50879305
50900332
50834954
50913509
50813692
50736769
50913814
50915584
50913199
50818432
50892202
50892456
50914597
50891509
50928636
50923568
50842882
50913430
50735739
50913675
50913096
50747332
50923059
50802151
50911881
50927145
50913228
50912931
50886667
50723923
50801111
50894765
50873081
50839275
50867117
50714955
50846787
50840332
50886193
50838442
50720918
50848190
50892150
50836417
50901408
50908849
50917637
50796957
50911331
50900394
50845339
50907769
50916778
50909261
50894011
50906852
50892764
50844814
50816580
50903652
50844431
50887761
50884713
50844123
50884444
50778392
50884334
50881107
50881010
50880722
50880579
50856628
50856210
50855363
50854891
50904738
50911325
50923479
50919565
50928285
50927203
50927874
50899832
50922678
50927317
50912636
50927255
50901827
50899001
50907127
50927377
50903438
50910195
50927343
50925535
50918865
50905607
50922425
50922517
50922803
50898959
50926325
50912580
50898180
50900599
50906365
50902142
50922067
50909594
50927042
50922189
50918563
50806585
50911964
50922144
50898532
50904584
50925648
50897012
50899704
50901177
50905300
50921569
50908938
50926642
50910505
50809178
50915728
50793606
50897043
50903809
50925147
50898738
50882091
50912332
50920956
50908389
50925670
50909999
50915420
50808895
50924270
50792278
50910979
50921048
50902283
50920872
50924758
50882035
50895477
50896051
50898883
50912226
50907804
50902267
50924958
50909657
50906533
50808777
50924067
50791059
50915569
50896024
50863492
50920239
50924469
50838824
50894931
50895370
50897674
50920250
50907377
50911744
50868086
50924677
50905665
50909096
50806273
50923497
50915236
50790386
50886568
50862550
50924106
50891313
50894777
50919848
50866953
50906380
50911637
50924140
50866966
50904447
50908719
50805988
50922840
50909542
50786624
50915011
50885160
50861639
50891059
50919308
50865614
50907069
50805603
50922223
50835457
50895605
50864435
50890408
50891853
50893413
50906459
50776283
50918248
50921831
50922114
50911014
50895078
50884514
50863030
50918371
50850395
50889754
50922236
50891290
50862721
50773030
50905667
50888354
50916977
50776002
50833992
50882085
50910558
50859394
50890745
50892421
50889153
50850163
50917920
50889582
50862058
50919561
50772360
50921886
50905069
50916958
50916586
50887905
50775736
50881954
50921031
50888670
50773536
50921297
50916597
50857724
50916432
50775622
50885049
50890741
50733579
50881807
50887957
50783494
50908997
50908902
50917591
50856699
50800217
50902544
50915985
50884777
50890262
50881333
50881397
50731918
50837625
50712440
50872403
50904063
50901873
50919084
50782146
50916346
50915748
50855347
50881075
50884233
50772602
50889244
50798336
50906824
50711875
50737039
50881002
50900382
50916139
50850140
50854484
50852354
50898034
50833297
50905775
50855041
50771300
50899077
50780393
50899543
50727458
50852484
50735626
50915681
50880639
50832293
50904698
50898835
50852156
50734943
50857695
50754904
50910175
50895863
50904959
50837842
50850132
50833897
50723818
50772113
50897260
50880015
50846946
50909685
50903929
50893756
50837162
50851055
50714871
50771765
50707142
50896212
50849157
50879667
50775723
50908781
50895889
50879073
50893170
50732516
50898080
50875167
50833417
50806062
50775271
50898971
50787258
50908258
50713096
50895496
50896534
50705226
50803290
50735136
50872744
50895581
50707522
50843833
50802808
50704276
50734062
50896645
50906714
50891471
50871856
50893228
50707137
50891436
50773556
50916194
50905963
50885362
50898621
50906760
50926131
50773066
50895175
50905630
50871032
50897520
50867419
50905588
50885837
50881481
50862639
50889584
50870529
50866024
50885635
50881236
50771419
50903921
50920108
50889167
50861023
50916840
50869737
50885438
50903380
50917895
50863305
50916426
50812925
50917354
50872805
50866796
50884387
50886994
50900022
50744518
50917103
50851746
50914768
50899297
50862152
50855720
50864482
50895623
50837821
50878506
50854698
50914493
50863697
50828766
50827595
50826238
50825474
50824696
50894804
50818252
50817343
50928367
50923423
50927667
50928618
50912391
50813571
50927715
50921721
50913605
50806623
50920867
50925776
50920289
50844493
50924637
50903139
50897194
50919624
50922806
50927794
50912696
50926987
50912160
50813153
50904377
50921181
50913457
50920614
50806404
50924187
50919652
50927337
50844317
50924096
50901834
50896510
50919047
50891414
50927167
50912496
50926200
50911914
50812540
50926418
50849218
50913407
50920285
50923658
50897092
50926868
50843483
50923181
50899518
50918743
50890795
50926208
50909962
50873644
50811938
50925856
50848742
50902461
50919505
50913191
50806129
50923349
50896261
50926390
50843137
50922626
50894509
50918497
50890591
50909637
50872894
50911317
50811618
50906397
50848336
50873007
50919213
50913026
50805815
50922796
50895428
50903133
50808742
50919393
50897986
50893902
50918227
50889983
50925033
50872064
50911057
50811156
50903081
50847966
50871806
50918856
50912944
50805671
50911267
50902251
50808409
50896993
50916904
50893504
50889757
50908664
50871018
50910542
50924592
50810733
50901863
50847585
50870452
50918535
50805356
50894241
50910970
50901203
50808333
50896585
50916490
50892975
50885573
50908271
50869441
50910008
50924222
50810299
50900572
50847361
50869469
50909793
50912554
50805118
50910609
50894005
50900078
50808170
50895640
50916055
50882021
50912850
50885182
50907406
50868445
50909398
50923717
50809955
50899856
50847041
50868819
50909569
50912452
50753502
50893368
50899284
50807693
50881855
50915859
50912677
50884749
50877453
50908692
50923301
50896447
50809606
50909234
50912241
50753289
50868330
50893028
50858573
50807501
50909654
50868391
50915707
50912556
50881722
50884543
50877066
50865403
50908061
50923024
50895507
50809259
50912050
50908568
50752684
50866916
50892473
50857962
50807222
50909264
50867287
50912408
50881590
50884405
50876697
50907467
50922454
50895177
50911826
50752122
50908094
50863690
50891928
50857365
50807091
50908820
50866175
50914887
50912185
50884151
50876176
50906694
50863720
50891058
50921844
50894659
50911583
50751569
50907559
50828049
50891362
50856959
50806822
50908274
50865523
50914307
50912054
50881188
50883783
50875721
50905604
50921333
50894228
50909290
50750983
50907176
50826729
50856401
50851081
50907519
50850244
50913980
50880981
50883471
50875318
50904333
50890326
50893465
50920914
50908654
50750583
50906392
50818266
50854653
50806359
50850510
50880772
50913768
50849954
50911771
50880822
50866647
50874784
50907562
50903158
50861195
50889804
50892813
50920331
50907980
50750142
50905603
50817627
50853647
50739561
50850157
50842230
50913662
50849331
50880658
50911481
50865514
50873575
50906955
50901732
50814147
50877716
50892377
50920151
50883462
50816897
50749494
50738981
50849684
50841982
50913541
50880385
50848843
50894435
50864359
50872902
50906266
50893145
50813589
50876943
50919614
50891769
50883244
50814612
50749110
50738529
50849118
50841480
50880002
50848475
50891843
50863832
50871670
50905400
50892184
50812984
50876028
50919290
50891420
50883058
50748891
50814209
50737809
50848671
50840936
50900377
50848048
50879806
50891523
50862853
50804100
50891587
50904572
50900755
50812460
50875014
50890885
50882688
50882980
50792848
50737275
50848411
50840662
50899163
50847625
50879648
50882834
50821027
50803308
50903909
50899687
50812042
50873912
50918663
50858484
50882527
50882788
50791716
50727720
50834118
50840415
50891154
50847313
50879320
50818854
50802681
50903395
50898725
50811573
50873041
50918422
50857961
50882374
50882640
50783743
50726102
50833434
50839883
50890359
50847050
50882590
50878796
50818241
50801864
50902034
50897471
50811345
50872559
50910860
50910975
50856907
50882262
50783118
50882456
50724912
50822726
50889543
50846689
50924603
50882470
50878481
50817964
50800980
50901119
50896460
50811070
50910656
50882157
50855900
50782619
50882373
50822070
50723399
50888714
50846144
50897431
50881105
50877891
50799667
50899953
50870204
50910025
50910255
50855510
50832431
50781948
50882265
50821658
50887979
50722693
50830301
50896182
50880854
50876661
50799119
50875573
50810095
50869756
50895036
50909338
50910055
50854920
50831132
50778218
50882115
50820905
50887159
50721989
50829537
50894296
50853703
50798629
50876228
50809747
50874507
50868623
50894514
50909053
50909629
50854636
50917580
50830084
50778003
50882037
50820646
50886664
50923094
50828021
50894024
50853213
50797005
50875916
50809613
50873797
50867588
50893623
50909094
50854242
50917200
50829676
50777848
50881869
50819751
50886228
50922445
50801929
50893652
50852662
50795749
50875330
50873009
50785024
50907885
50908760
50853207
50914852
50828308
50777181
50881786
50818925
50885726
50921800
50725830
50852204
50874656
50871985
50784654
50892979
50865982
50907162
50908310
50852696
50914437
50768878
50881669
50927946
50818421
50827807
50885352
50724944
50871155
50892640
50864934
50906126
50911817
50927516
50826848
50890372
50870000
50892103
50864523
50904990
50911553
50926901
50927937
50826169
50881412
50889796
50861343
50891753
50864028
50904519
50911132
50926614
50881326
50825416
50889272
50926973
50927642
50915782
50860851
50891285
50928234
50862933
50902923
50709911
50846001
50911026
50921354
50926434
50876978
50926634
50824383
50881121
50888935
50926224
50926810
50915633
50860326
50891047
50927055
50862314
50901518
50709739
50845831
50910843
50921028
50920173
50874303
50912904
50823985
50883099
50925643
50892468
50915286
50859651
50890650
50926168
50853350
50900323
50709631
50845721
50910299
50706886
50920470
50919580
50912770
50928501
50823415
50883038
50880791
50924317
50902611
50891875
50858842
50925552
50889996
50852917
50899137
50778459
50709473
50909840
50706710
50918980
50833069
50912707
50872131
50927435
50923815
50812365
50900991
50891586
50858519
50925123
50852392
50886295
50898120
50777978
50909586
50709394
50706404
50832429
50871082
50912463
50882660
50880419
50812059
50898743
50926883
50891136
50857946
50851323
50885920
50709289
50897330
50777667
50908648
50918016
50831127
50862461
50912283
50922787
50882595
50880156
50811589
50926337
50890662
50871999
50857317
50885637
50709175
50874528
50777379
50850816
50908045
50912020
50829855
50861653
50921704
50867104
50879863
50781822
50925934
50894740
50890074
50869182
50856675
50885502
50709011
50873905
50776239
50850184
50907706
50908175
50859248
50828859
50921144
50878827
50781527
50866017
50925071
50867844
50888894
50926956
50893978
50838927
50708831
50872683
50885135
50776081
50911517
50858445
50905698
50878393
50920802
50828361
50780924
50898259
50888307
50864253
50866752
50891181
50708618
50871709
50838060
50884829
50775753
50911177
50904870
50857559
50906872
50920374
50876103
50822475
50780370
50887978
50863269
50865752
50925397
50890689
50708398
50870279
50836828
50901585
50904275
50856058
50906358
50919781
50822122
50844635
50779768
50887572
50862676
50924697
50864128
50890106
50916443
50708131
50869510
50884217
50900479
50855412
50881084
50919202
50844450
50795977
50779397
50887108
50896127
50862313
50924023
50863032
50867878
50883926
50889755
50916037
50707961
50899235
50854640
50904466
50918319
50794731
50844320
50779121
50886878
50918332
50861584
50923067
50861995
50867416
50915684
50889196
50707865
50898847
50853798
50793474
50903549
50916769
50778742
50886418
50918154
50844018
50916763
50861216
50922507
50866097
50861468
50915357
50888817
50707592
50897864
50880397
50844313
50790074
50778328
50916361
50886422
50916487
50837241
50843875
50847755
50886111
50921961
50841935
50888619
50860577
50707319
50897349
50880085
50789225
50901881
50778096
50886008
50836481
50910792
50888347
50882229
50843486
50915848
50927669
50787087
50920646
50847003
50835621
50884644
50896923
50884910
50788052
50828490
50926702
50706441
50908325
50881938
50835223
50831845
50761215
50884688
50839869
50919281
50785584
50705862
50826253
50830298
50760604
50919076
50777744
50832832
50834520
50883257
50921318
50887777
50838592
50906305
50825627
50889280
50704997
50900244
50785396
50829033
50744613
50908573
50918761
50887224
50746370
50901933
50837948
50822903
50829894
50704330
50782307
50907878
50918482
50882488
50832849
50920512
50899854
50746064
50827608
50821308
50886595
50703450
50897882
50761775
50886678
50835371
50744192
50917959
50830883
50826838
50882319
50886349
50897212
50826132
50829632
50806830
50743888
50828089
50833317
50901279
50896000
50880346
50916813
50823956
50827929
50806571
50743746
50894072
50895222
50822911
50876174
50846905
50821207
50827140
50820196
50826553
50868706
50819745
50825468
50869081
50867984
50825003
50927596
50927003
50895622
50926826
50926732
50843935
50871071
50912848
50926062
50903415
50904605
50878770
50888965
50906901
50911496
50925787
50926777
50895489
50925942
50894834
50927497
50843632
50869779
50912727
50920787
50902522
50903372
50920036
50888434
50878548
50896071
50906356
50925229
50925902
50925948
50919574
50878229
50924713
50919292
50873331
50892846
50918239
50919352
50856036
50900962
50923613
50842327
50877178
50904503
50923288
50892039
50922996
50876761
50868662
50897050
50890374
50857076
50902019
50867924
50780964
50702820
50857125
50919080
50866290
50780459
50887257
50862704
50852726
50902385
50864647
50855411
50696555
50852145
50886373
50901640
50909918
50913548
50923114
50778647
50854754
50851093
50909525
50921944
50917736
50883329
50927198
50869614
50923139
50909223
50793225
50908843
50916963
50925893
50851293
50850121
50820049
50896338
50780498
50922719
50890701
50777356
50868294
50882950
50908460
50850716
50890141
50776896
50819096
50907882
50907275
50769038
50850237
50889533
50807320
50907593
50902861
50885253
50907330
50851820
50848879
50906158
50879366
50765116
50878891
50848037
50847388
50873989
50914095
50919639
50856651
50843817
50867146
50928116
50882425
50865911
50905869
50924265
50883019
50924680
50906963
50925145
50927512
50928554
50908903
50862428
50893115
50913445
50924880
50912170
50908261
50890610
50869661
50913274
50837995
50781858
50860457
50896186
50925228
50889418
50857405
50887588
50926309
50859852
50780593
50889025
50866164
50924584
50863840
50898133
50875643
50917578
50927952
50924709
50874886
50849663
50920581
50913120
50922642
50907506
50926365
50909679
50818165
50923581
50921307
50925257
50927481
50844489
50924130
50927401
50910107
50910271
50921965
50907145
50925604
50909184
50918992
50817320
50917754
50878459
50924833
50920764
50920299
50927155
50844309
50872933
50921358
50906686
50924992
50918424
50816788
50917405
50926329
50919965
50884773
50915964
50876395
50918457
50816358
50919744
50908546
50884479
50915692
50843562
50921125
50786149
50918392
50925375
50914919
50784900
50888267
50894299
50899225
50898608
50799765
50894328
50779763
50799047
50894117
50797789
50892138
50796624
50891624
50891255
50890998
50890391
50889800
50901787
50920264
50926094
50908609
50928300
50923685
50921146
50928156
50911552
50900724
50920062
50925283
50927276
50907787
50923320
50889577
50927263
50911261
50899866
50919524
50925024
50907304
50918751
50922919
50889191
50919982
50910992
50926210
50924796
50919034
50906278
50918307
50922418
50888715
50919349
50910629
50877847
50918717
50924442
50917825
50921888
50897989
50888178
50918823
50751497
50923969
50918410
50877407
50917348
50921418
50896843
50887547
50751222
50918353
50923461
50876633
50916954
50920364
50831284
50886985
50917980
50750757
50922981
50917522
50876340
50916546
50886496
50830464
50750268
50898022
50920066
50917300
50922699
50875884
50916157
50886222
50829239
50749643
50897287
50922390
50910677
50860652
50916034
50885153
50919257
50745799
50896408
50910446
50921784
50915693
50884893
50860286
50918886
50745542
50895614
50910223
50921163
50915418
50884666
50859682
50918440
50745265
50910048
50894778
50920840
50915220
50859013
50884379
50917987
50739399
50894058
50909507
50920136
50914991
50854749
50884146
50917483
50738917
50883846
50914717
50848572
50916975
50738621
50906616
50893483
50914434
50883626
50916552
50848317
50737534
50896674
50892976
50847969
50883347
50909944
50737069
50896047
50908033
50825069
50730266
50909272
50824718
50729718
50908797
50894841
50840890
50824282
50908095
50894381
50729030
50840160
50823859
50907521
50893974
50728258
50839261
50823379
50907094
50719500
50893505
50804307
50838652
50906576
50718831
50893130
50804106
50837643
50905783
50718531
50892797
50803364
50837012
50718015
50804321
50802897
50836253
50803991
50717627
50802551
50834990
50717046
50801621
50808283
50803397
50801264
50716705
50808103
50803100
50716241
50800698
50807994
50801983
50715786
50928339
50924905
50877126
50925416
50839127
50927564
50927972
50878541
50924462
50928407
50879728
50924436
50866649
50926760
50919862
50924533
50876780
50924975
50838450
50926794
50927586
50917083
50879427
50924021
50855824
50919235
50865485
50924329
50876327
50907126
50837371
50926159
50877056
50924233
50923737
50920676
50915129
50879147
50923483
50923533
50854843
50918656
50923760
50864510
50906716
50872301
50925690
50876384
50836632
50914917
50920150
50878742
50922865
50923125
50918130
50854514
50923375
50859938
50905978
50870967
50875816
50922959
50923354
50914526
50919672
50878262
50921837
50922637
50854116
50917686
50905037
50849200
50870068
50874991
50924176
50922878
50885832
50919197
50877630
50921243
50909478
50922783
50853667
50848944
50901841
50869483
50874621
50922232
50923770
50922450
50918668
50904910
50905871
50848740
50853001
50901373
50868499
50873406
50921679
50885039
50918213
50875933
50920379
50898446
50904747
50852184
50867546
50900632
50920775
50871942
50922750
50875565
50903623
50921457
50845438
50851881
50900098
50870478
50817167
50894554
50921631
50873160
50824343
50851084
50919081
50920652
50810603
50869898
50866673
50906066
50823911
50783148
50919944
50805643
50826521
50896785
50823132
50849611
50864182
50904713
50805309
50912082
50916431
50917624
50848345
50894322
50804444
50859283
50820830
50910611
50900684
50779587
50858950
50847768
50779360
50802856
50899174
50819407
50843480
50858581
50908574
50802121
50892829
50914388
50842808
50905590
50842266
50859348
50774465
50913564
50901294
50842044
50760400
50858258
50899617
50855972
50841259
50898715
50840924
50840185
50839371
50928548
50928141
50912387
50928839
50921874
50917313
50924183
50804981
50925194
50926145
50926603
50927806
50912320
50927381
50927721
50779265
50916672
50921521
50923575
50925474
50804752
50926242
50915511
50890473
50778841
50916291
50921101
50922918
50859940
50889873
50778335
50916007
50902431
50923939
50804134
50924108
50922417
50909772
50889644
50778156
50925713
50915741
50900021
50803911
50923529
50922009
50909509
50925363
50925067
50858868
50888889
50915432
50777855
50923185
50803522
50921341
50924878
50924416
50858147
50893593
50888489
50776874
50922356
50922598
50920979
50924261
50857154
50924088
50893104
50887989
50922299
50771327
50921919
50802311
50920723
50923873
50856526
50923787
50892568
50887046
50770995
50921711
50921267
50906329
50801439
50856068
50886623
50891710
50770814
50921355
50920636
50905391
50917808
50800592
50855157
50920842
50891444
50885893
50904445
50920921
50917380
50799488
50854728
50920565
50870782
50885475
50903970
50917054
50904647
50851545
50869955
50885084
50902834
50920101
50850838
50868307
50867023
50884184
50916246
50919519
50902994
50905508
50865941
50915876
50883910
50919293
50858012
50901852
50915626
50904824
50883773
50918846
50856879
50915364
50900182
50904410
50864718
50880695
50856491
50915070
50899335
50863827
50903226
50880197
50918044
50914842
50898319
50863430
50902212
50879867
50854325
50882143
50862472
50879686
50853694
50881988
50895986
50861961
50897535
50879390
50881833
50895102
50896950
50861607
50894579
50896456
50878814
50861155
50893830
50881513
50895901
50860704
50881308
50893084
50895470
50892488
50881135
50894792
50881044
50894361
50880885
50893870
50880767
50893163
50880444
50916143
50928007
50917817
50916890
50917339
50893608
50916329
50915841
50926470
50920407
50917181
50917032
50916064
50919895
50895904
50916728
50916686
50915669
50892929
50919388
50885683
50890350
50917963
50854447
50916135
50915972
50901479
50911877
50853733
50915789
50900215
50915745
50911735
50853041
50915505
50899114
50911449
50852588
50915186
50898650
50909132
50851520
50906707
50915182
50908743
50850680
50905844
50903826
50850233
50907840
50904721
50843417
50829174
50906800
50904244
50843025
50827673
50906019
50903495
50842829
50827168
50902459
50905304
50842510
50826370
50848629
50904579
50825929
50848286
50903331
50825106
50897261
50824772
50896207
50824277
50823013
50894994
50818999
50894211
50818447
50887363
50886851
50882094
50877318
50876945
50876025
50875036
50873624
50926766
50918799
50918071
50917785
50917014
50916750
50911692
50905992
