308142
2694220
824539
2250281
563813
4040903
1670650
1904190
338803
519905
2745494
224287
2833189
719182
1553415
4969807
4686285
621961
3657095
1549251
230058
3961884
4745062
870354
5028343
3751813
736387
1291918
1351398
1321548
650339
4152895
160617
588210
1099390
384037
5353117
203615
3128907
564741
99906
5235843
2898410
830044
5163326
570571
623629
4722044
394892
329068
169722
472585
3285711
4260131
4852256
265131
466630
1511812
528223
286088
5475257
434770
3628427
494919
45929
180405
1635610
15113
793814
4619943
1136764
4322619
5400144
400386
4527338
413844
4395618
2850785
552663
1935010
790475
1411734
1318035
982342
849391
3074703
640549
2383470
4601791
5029074
440920
737249
688233
3650540
2572892
700082
617420
551356
347380
770111
4273494
473589
4977054
1094650
850566
2881146
1009549
687290
687004
2054096
256109
816233
2291305
445147
8098
3897442
789681
812232
941726
1272466
476199
588866
4292650
4328711
1369474
134338
1018085
513989
4103457
763891
4358668
175821
722620
908945
433804
3895125
93047
4360650
44146
1836974
38210
973633
895609
329093
4985386
383380
986905
305113
94155
465051
5034588
545592
392095
262677
4280958
4396836
4891653
290322
1199434
1375683
822178
2673831
4389794
1038920
640415
839834
844545
5362116
57401
3023807
699673
4403372
3261572
2255941
195584
681510
1088285
418943
4897636
1236753
125921
2069791
5034936
267193
477979
2264362
5375300
5002051
4913675
871313
828690
419026
2152005
2787214
100985
40633
5254452
5175789
102908
205400
4384638
645277
5291181
575914
556498
2831188
2854666
587536
1661552
3239753
1379250
2765632
3454322
945975
270694
664458
2353381
399716
867370
5397146
4385924
1412767
1948626
4634825
608785
1501644
4344049
4738948
4205755
513369
128664
871542
975500
5167553
383126
5346990
4237659
428706
976137
13189
476147
370150
1091608
5061611
4860424
33516
391790
442394
4595020
1721828
3526199
3351251
750715
3358516
359114
1853022
396636
5386972
4454884
2066667
448882
581364
2400811
3470908
695209
2491651
1497877
3466750
534356
432826
2115791
3364522
458000
314330
352572
3675468
5151565
432767
469945
2641527
63198
542895
1272219
515983
3876827
544536
289234
3943890
429072
4624931
249347
1805914
1420810
6355
1382727
4956831
2523776
749190
1922018
98564
2957968
4380114
954134
96784
392843
5403864
3272099
445659
347427
492952
3669290
781660
455081
2051059
225263
690652
4438366
801198
5182422
554815
222223
2396962
1193371
122075
478304
1764202
698657
1558918
119169
4317983
3079622
4633111
4858501
1649772
885235
355124
1316355
2274202
3195553
303896
5185104
1747945
758886
254771
154239
4706288
638784
683743
683220
4253952
4549518
449444
4719313
2458105
4049890
5471570
4937608
731340
68220
1315571
4289048
93340
1821668
5142261
4364243
574498
466953
86820
431004
1289609
602673
4789321
101134
2519833
133055
1209989
5352380
2852697
1214699
993382
350438
442052
381126
675417
304350
122208
3522703
768621
2079069
228701
342697
4986770
338704
443371
2984801
129841
641453
2565731
1108320
4278919
67263
327340
3735154
4390741
1479466
3943874
900894
347731
329053
1110132
4679079
538367
5017853
231954
4991186
486678
906875
1030394
673884
101465
3940136
54539
2779924
634558
701769
238397
896397
2158884
56442
701291
493721
657248
2849161
4354431
3157548
4306931
4959600
4934476
2262873
413259
294608
3946715
968036
1070438
584175
5047533
393806
224081
1386997
833718
3943478
481342
494405
757672
3109168
5336389
4916737
2881606
134697
533263
2287291
710933
1460686
1582641
5428249
1072397
694331
338372
232064
384770
395784
54830
446066
336978
686936
498741
132592
4802931
4959731
73444
270091
352245
5008387
5180353
128693
1082888
1203847
126217
1356845
617666
3918885
3776569
429054
455890
126311
864553
4244632
1200700
2478591
310227
2296099
4638044
293993
79176
1333046
918464
3274229
341779
695158
304762
279224
3475592
395696
3952638
1479270
4226811
4378745
591046
5559927
315645
4679108
5471634
870666
294320
1171294
1348239
316755
4553125
5094603
1482337
648401
1258042
467366
873946
5083019
848315
2520913
1108433
324857
4925588
619966
811362
1134937
166180
1050456
4083797
4260640
195473
4966244
182978
326369
4499009
860257
303162
958896
592807
161471
4363900
91754
710305
4096318
65915
743459
326645
481315
4492548
5073150
385756
291716
5299916
34845
2804472
723598
2600305
4203736
1302341
4423338
5132805
263849
318792
282102
119990
1789979
386634
812118
4456283
715501
1207683
491988
598761
776556
349658
447260
612709
347334
486567
5005415
931311
483707
275226
104492
3411191
4170053
912110
4871714
4445594
300286
5550959
1349408
2136299
4054756
90504
4730274
1790211
3348807
5193131
90650
546684
4560435
5415890
487112
5468621
1635414
4365940
704586
2930089
4995401
1391087
168579
1339264
674869
5452629
471350
640941
241755
4953073
3745997
503326
5520015
624963
663431
5254112
1322969
4822972
3500232
3180867
425190
1552682
643180
5193010
777066
750087
4370619
1109275
1090329
557021
3864227
662230
59897
3280754
426339
1072882
260886
972413
893526
949302
117195
1127720
3668580
4363749
5540826
1445528
765176
441672
696054
4527229
5103867
396109
719425
560649
2482060
4383215
3873446
1445722
4883127
4799837
1164696
4290421
5429778
380034
514304
3641121
1437090
4243631
2329362
5328481
559458
320387
3952250
430893
69583
505143
205746
4877609
445122
4786701
3777462
2276779
93518
4264428
3034489
4634734
1094958
850081
4404980
4235241
878000
72131
349193
5376720
41140
4503615
3537927
4777312
2156901
26178
519458
4288537
185946
3720888
3798858
1018080
3436436
827288
905394
763409
660528
552611
28691
133562
4348650
117178
613824
3233004
3490652
88068
5279531
2293057
1153103
414918
368042
2025325
2855651
803238
935483
485222
624489
3724923
4724442
5082138
869691
784374
5288939
1594737
3691151
1012403
882571
1640006
161645
692621
504726
2569122
1544338
4381045
1708497
289451
357346
651317
582476
569104
786218
2852704
362586
1750986
4983749
1217087
342776
5573768
1637042
685247
103100
2862878
437114
1222088
2032705
3992972
4627103
1087277
840053
679419
1248190
371658
173010
1140798
89495
3633777
3328827
300245
1092882
1076769
514514
960136
8622
635763
1865308
95500
5139646
5061908
4685473
2915190
1230219
4919205
255042
4532287
1250615
978348
616822
759460
5585770
463088
4322743
604225
5321463
706349
2394302
468401
647075
217515
4469000
289860
187675
401202
431809
2465426
4107619
3221995
115336
359363
3520837
985354
472922
1158156
2197711
1992980
1213040
4539030
752317
1953562
1523575
266851
1387607
629951
3652357
4702577
5334355
360388
1591195
2904535
3088323
199959
4824865
5001150
803612
1148438
4756638
435461
2309142
5557380
778604
833605
1452821
242366
2827424
698274
4770341
4609036
34407
1394603
332008
850567
226024
4261177
427694
3916629
664412
3898881
726414
5020431
5319345
1746808
4055518
544194
3674827
323215
89301
1664737
4790033
378570
771660
3070409
319389
2839764
1212640
956506
179885
3189363
738057
1532963
159564
132236
1944713
554001
309579
3749824
205633
1151114
485545
1166581
5265075
4893826
194962
1299648
5572265
2796733
5451194
646680
4850067
39461
3132483
514324
93618
3633818
1953013
3089358
1942645
4346990
5115240
97522
275961
2931416
2661022
4996693
4468526
2087175
338995
1119545
1620606
4293898
8640
3291456
4344235
650212
1077731
3649512
902294
4277723
2700113
318774
509796
4889599
382873
109361
1342805
1528728
982796
1202509
60007
122431
702544
1337763
361512
275624
4448026
3185892
50092
5074251
2481024
4114901
222514
2669764
3317904
1033089
3690761
393245
2889901
34664
131959
4642206
2638781
2124450
2094789
5578221
5553852
5316588
5474617
5625862
5481855
5607279
5187130
5176126
5503741
5562006
5626579
5157605
5421963
5275899
4825638
5484930
4414452
5167677
5306561
5208038
5448946
5172192
5590096
5565915
5430584
5481610
5145238
5440065
5445680
5192803
5357027
5089165
5172950
5088044
5565831
5398394
5359221
5173508
4531116
4811426
4948774
5483809
5420993
5510899
5514448
5424790
5280181
5544538
4515870
5425989
5500873
4849218
5245561
5495081
5088840
5313507
4929717
5183015
5248785
4513091
5290641
4152129
5057793
5058992
5426223
5423485
5118165
5609593
5445992
5415934
5388146
5074892
5495731
4863585
4900802
5524533
5596532
5144878
4923483
5225342
4667938
5420171
4594608
5201963
4934381
4607337
5362731
5359870
4392864
5575949
5221048
5091464
5304380
5515778
5000575
5564196
4514663
5365371
5249671
4971288
5225731
4793661
5237539
5583364
5541445
5414882
5378956
5046655
5510416
5438633
4540674
5425352
5232986
5448180
5160298
5613636
5539685
5570625
5410491
5365438
5446756
5161542
5621259
5527129
5504367
5470982
5576763
5436050
5578438
5509216
5610723
5541568
5489056
5460367
5378267
5479406
5569913
5502472
5526384
5555168
5483163
5420162
5630214
5307946
5444449
5613992
5545032
5457796
5244218
4982985
5391121
5518588
5597452
5449769
5282367
5421344
5323255
5592446
5133169
5348697
5415924
4511109
5392114
5619922
5535987
5521395
5586039
5069143
5586678
5353628
5516712
5585544
5381769
5613701
5457615
5582267
5466534
5526353
5260528
5566151
5247360
5599201
5546928
5569824
5471394
5581950
5293440
5542624
5471684
5487511
5624993
5612690
5280827
5590870
5404432
5381037
5003121
5561180
5524408
5261195
4606519
5521278
5322170
5135311
5447281
5106123
5312179
5460755
5132029
5531707
5126211
5250332
5362256
5473391
5293118
5499896
5133791
5087931
5196239
5512719
5382040
5385384
5543905
5317600
5415484
5214121
5392247
5297737
5482712
4761256
5238723
5450153
5268618
5396306
5507149
5401666
5037034
5298667
5432617
5555793
5130078
5319876
5465166
5599950
5432954
5553551
5359471
5534479
5572716
5448881
5621680
5315283
5574210
5501385
5549615
5367882
5545715
5345076
5574898
5452022
4754205
5586769
5601313
5597480
5589380
5584738
5427497
5547378
5605982
5547920
5551525
4610806
5410673
5431277
5444760
5606630
5250811
5617927
5351578
5140626
5037502
5518707
5561147
5474790
5411931
5512106
5526280
5424371
5578849
5521132
5438160
5600061
5470857
5483114
5607388
5527060
5558323
5381622
5600182
5474334
5607218
5622538
5572987
5553025
5591334
5549456
5569192
5443947
5449614
5045876
5579455
5592524
5567774
5550732
5526518
5493129
5621086
5597774
5609059
5457518
5469594
5558174
5565273
5617447
5514463
5513189
5609852
5590322
5590923
5625481
5520613
5573465
5534642
5538193
5603469
5572417
5559312
5590885
5594790
5585835
5612126
5583957
5604862
5569760
5587170
5589884
5605554
5630333
5607503
5545258
5559128
